0 0.655943 0.193668 0.028446 0.028292
0 0.597867 0.198215 0.023366 0.018525
0 0.595835 0.216908 0.028784 0.024924
0 0.579411 0.225328 0.019641 0.016167
0 0.598713 0.241327 0.018964 0.019198
0 0.569252 0.254463 0.032509 0.031324
0 0.573823 0.317279 0.033525 0.031660
0 0.469692 0.208319 0.037928 0.038060
0 0.429732 0.175985 0.010836 0.011788
0 0.388588 0.182553 0.036912 0.037723
0 0.351168 0.173122 0.039959 0.038397
0 0.358618 0.308016 0.020318 0.019198
0 0.303590 0.286797 0.039621 0.034692
0 0.300034 0.306501 0.037250 0.030313
0 0.280562 0.319805 0.038943 0.038734
0 0.228581 0.326036 0.018286 0.016841
0 0.250593 0.331088 0.039282 0.030987
0 0.246698 0.352644 0.038266 0.030313
0 0.209617 0.377400 0.041991 0.040754
0 0.284626 0.425059 0.030816 0.028966
0 0.290213 0.409060 0.011514 0.010441
0 0.229936 0.416470 0.037250 0.039407
0 0.195733 0.427080 0.039282 0.042439
0 0.157467 0.447625 0.046732 0.044459
0 0.174060 0.538397 0.028446 0.028629
0 0.246529 0.501347 0.035218 0.036039
0 0.282594 0.486864 0.036912 0.036039
0 0.293092 0.510610 0.035557 0.031660
0 0.285811 0.535702 0.033864 0.029303
0 0.320183 0.550185 0.036912 0.038734
0 0.221808 0.552711 0.039282 0.040418
0 0.245682 0.571405 0.024043 0.028629
0 0.289367 0.561974 0.023366 0.020546
0 0.304775 0.619569 0.032509 0.043449
0 0.333051 0.619569 0.032171 0.044123
0 0.078903 0.604581 0.037928 0.045807
0 0.204707 0.644493 0.049103 0.041428
0 0.190484 0.674975 0.048425 0.045133
0 0.260752 0.681543 0.046055 0.047491
0 0.484761 0.272819 0.035557 0.033681
0 0.478327 0.330751 0.035557 0.037050
0 0.379783 0.381610 0.040298 0.039070
0 0.429055 0.386831 0.031832 0.028629
0 0.431764 0.406366 0.028446 0.021219
0 0.459871 0.408555 0.023705 0.023577
0 0.469692 0.415291 0.029800 0.025598
0 0.461057 0.439879 0.030816 0.028292
0 0.442431 0.426911 0.026752 0.027956
0 0.424314 0.445099 0.027768 0.029976
0 0.409076 0.450825 0.033187 0.034692
0 0.418049 0.469855 0.013884 0.014146
0 0.374026 0.458404 0.026752 0.026271
0 0.384016 0.512631 0.031155 0.031660
0 0.561802 0.391378 0.035218 0.033681
0 0.566881 0.438531 0.033187 0.031660
0 0.545039 0.483833 0.029462 0.029976
0 0.507281 0.505557 0.029800 0.030313
0 0.528954 0.526777 0.032509 0.034355
0 0.509651 0.543449 0.034541 0.036039
0 0.504910 0.618558 0.024382 0.024587
0 0.491534 0.657124 0.031493 0.034355
0 0.457839 0.649040 0.033864 0.037050
0 0.410599 0.717582 0.034203 0.034692
0 0.391974 0.731054 0.036912 0.040081
0 0.395530 0.783934 0.038605 0.038060
0 0.358957 0.819299 0.046055 0.050185
0 0.411954 0.820478 0.040298 0.033008
0 0.412970 0.854833 0.043684 0.037723
0 0.466813 0.835130 0.019980 0.019198
0 0.442262 0.778377 0.033864 0.039070
0 0.477650 0.778377 0.030139 0.033008
0 0.496614 0.796901 0.026075 0.030313
0 0.520657 0.839845 0.036234 0.037386
0 0.554182 0.827551 0.035557 0.043112
0 0.519302 0.809027 0.032848 0.028292
0 0.533017 0.800438 0.029123 0.024587
0 0.524382 0.776187 0.035557 0.031324
0 0.517609 0.746548 0.030139 0.029303
0 0.491026 0.752947 0.023705 0.025261
0 0.511514 0.714887 0.031493 0.031324
0 0.480020 0.729539 0.028784 0.024251
0 0.463427 0.711182 0.034203 0.031997
0 0.545208 0.692826 0.030477 0.034355
0 0.571453 0.707140 0.032171 0.036039
0 0.629699 0.742169 0.043684 0.046143
0 0.671520 0.700741 0.025737 0.026608
0 0.724348 0.727686 0.029123 0.034692
0 0.743989 0.721792 0.026414 0.028966
0 0.765493 0.670428 0.036234 0.033345
0 0.737386 0.664702 0.014561 0.016504
0 0.703014 0.705962 0.020318 0.019535
0 0.709617 0.669586 0.015916 0.014820
0 0.711988 0.687437 0.032171 0.027619
0 0.692347 0.657966 0.022012 0.026608
0 0.677277 0.658302 0.014223 0.015157
0 0.634270 0.654766 0.031832 0.033008
0 0.580088 0.630852 0.021673 0.022230
0 0.594988 0.628158 0.014223 0.014820
0 0.591094 0.648872 0.029462 0.024587
0 0.609888 0.598181 0.025737 0.030313
0 0.627836 0.602728 0.026414 0.030650
0 0.704199 0.564668 0.023366 0.023914
0 0.673552 0.535197 0.026414 0.026271
0 0.695395 0.504884 0.024721 0.026271
0 0.651541 0.488885 0.027768 0.026608
0 0.630376 0.517346 0.028107 0.028292
0 0.616492 0.537386 0.022012 0.022567
0 0.631730 0.544123 0.021334 0.023240
0 0.822384 0.453183 0.021334 0.021893
0 0.783102 0.413776 0.017948 0.017851
