1 0.448975 0.177794 0.032715 0.033617
1 0.520020 0.259470 0.030273 0.030303
1 0.500732 0.274858 0.031738 0.031723
0 0.551758 0.336411 0.028320 0.024148
0 0.634766 0.241714 0.033203 0.032670
0 0.655762 0.248343 0.015625 0.017519
0 0.704590 0.213305 0.012695 0.010890
1 0.554932 0.362926 0.034668 0.026989
1 0.446533 0.374053 0.029785 0.031250
1 0.551758 0.457386 0.031250 0.032197
1 0.541016 0.560843 0.033203 0.034564
1 0.739746 0.407670 0.035156 0.034091
1 0.837646 0.500473 0.032715 0.028409
1 0.849854 0.548532 0.037598 0.034564
1 0.805664 0.713778 0.039062 0.035511
1 0.650879 0.753788 0.036133 0.034091
1 0.457520 0.935369 0.028320 0.016572
1 0.706055 0.465672 0.028320 0.029830
1 0.409424 0.679214 0.027832 0.027936
0 0.846680 0.343040 0.034180 0.033617
0 0.812256 0.399148 0.018066 0.017992
0 0.700684 0.378551 0.022461 0.019413
0 0.691406 0.407197 0.032227 0.029356
0 0.691650 0.471354 0.015137 0.016572
0 0.665283 0.503078 0.029785 0.028883
0 0.617920 0.531250 0.028809 0.025568
0 0.614502 0.564867 0.027832 0.028409
0 0.793701 0.587831 0.018066 0.012784
0 0.798096 0.609138 0.035645 0.031723
0 0.675293 0.671165 0.031250 0.030777
0 0.536621 0.628078 0.032227 0.029830
0 0.530518 0.672112 0.018066 0.015625
0 0.572266 0.719223 0.034180 0.033144
0 0.693604 0.786458 0.022949 0.021780
0 0.502197 0.835227 0.035645 0.032197
0 0.433105 0.695076 0.029297 0.027462
0 0.388916 0.760180 0.034668 0.030777
1 0.371094 0.749527 0.024414 0.023674
0 0.271240 0.785038 0.020996 0.019886
0 0.331543 0.720881 0.030273 0.030777
0 0.272949 0.672822 0.034180 0.031250
0 0.154297 0.753314 0.025391 0.025568
0 0.147217 0.685843 0.017090 0.015625
0 0.305664 0.604640 0.028320 0.030303
0 0.296387 0.588542 0.014648 0.013258
0 0.444336 0.530540 0.021484 0.020360
0 0.371094 0.519413 0.016602 0.014205
0 0.499512 0.460227 0.020508 0.017992
0 0.510010 0.439394 0.023926 0.023674
0 0.524170 0.426610 0.030762 0.026515
0 0.300049 0.414536 0.021973 0.021307
0 0.510986 0.940341 0.033691 0.016098
