0 0.612019 0.192850 0.014423 0.017023
0 0.586298 0.204523 0.012981 0.015078
0 0.577644 0.206955 0.008173 0.010214
0 0.567308 0.211333 0.017308 0.017023
0 0.531731 0.206712 0.018269 0.018482
0 0.447115 0.207198 0.020192 0.018482
0 0.422356 0.232490 0.027404 0.026265
0 0.516106 0.264835 0.014904 0.017023
0 0.529087 0.281858 0.012019 0.012160
0 0.560337 0.316877 0.023558 0.018969
0 0.598798 0.366002 0.019712 0.019942
0 0.688221 0.373784 0.031250 0.027724
0 0.688221 0.430691 0.021635 0.020914
0 0.732212 0.464981 0.013462 0.014591
0 0.468990 0.290856 0.026442 0.024319
0 0.530769 0.330496 0.014423 0.014105
0 0.566106 0.395914 0.017788 0.016537
0 0.670192 0.577821 0.025962 0.028210
0 0.718269 0.653696 0.020192 0.022374
0 0.703365 0.690905 0.026923 0.024805
0 0.682452 0.709874 0.027404 0.023833
0 0.586538 0.718872 0.043269 0.040856
0 0.596635 0.795477 0.031731 0.027724
0 0.506971 0.598735 0.032212 0.029183
0 0.518269 0.656128 0.034615 0.035019
0 0.526683 0.669990 0.026442 0.024805
0 0.480529 0.737354 0.017788 0.016537
0 0.479087 0.765078 0.036058 0.035019
0 0.444712 0.751216 0.024038 0.024805
0 0.449038 0.672909 0.026923 0.027724
0 0.407933 0.747325 0.027404 0.028696
0 0.381731 0.707685 0.012500 0.011673
0 0.396394 0.658317 0.013942 0.012160
0 0.377404 0.674611 0.018269 0.014591
0 0.330288 0.685311 0.019231 0.019455
0 0.295913 0.844358 0.017788 0.016537
0 0.227404 0.783804 0.024038 0.021887
0 0.222115 0.754377 0.036538 0.035992
0 0.335817 0.616732 0.025481 0.022374
0 0.379808 0.589737 0.025962 0.023833
0 0.385817 0.531615 0.022596 0.026265
0 0.446875 0.535019 0.010096 0.007782
0 0.330288 0.562743 0.025000 0.023346
0 0.327404 0.587549 0.025000 0.020428
0 0.339904 0.532344 0.012500 0.011187
0 0.223558 0.566148 0.024038 0.024319
0 0.163462 0.540613 0.021154 0.020914
0 0.111538 0.586819 0.025000 0.020914
0 0.281971 0.486381 0.022596 0.021401
0 0.317788 0.453551 0.029808 0.031615
0 0.395192 0.444309 0.013462 0.016051
0 0.447115 0.433123 0.021154 0.020914
0 0.440625 0.405399 0.016827 0.017996
0 0.449760 0.370866 0.021635 0.020914
0 0.428846 0.369893 0.017308 0.016051
0 0.417308 0.383998 0.011538 0.010214
0 0.403606 0.388862 0.015865 0.015078
0 0.394231 0.372811 0.019231 0.017996
0 0.302885 0.374757 0.021154 0.019942
0 0.366827 0.297422 0.019231 0.017996
0 0.334375 0.249514 0.019712 0.020428
0 0.218990 0.281615 0.026442 0.025292
0 0.222356 0.355302 0.021635 0.020914
0 0.133173 0.385457 0.021154 0.020914
0 0.153846 0.298152 0.017308 0.016537
