0 0.785500 0.257000 0.063500 0.088000
0 0.808375 0.459833 0.037250 0.044333
0 0.893625 0.570500 0.033250 0.040333
1 0.882625 0.629500 0.038250 0.045000
1 0.864500 0.673000 0.038000 0.040000
1 0.747500 0.743333 0.037000 0.045333
0 0.747625 0.902500 0.023750 0.027667
0 0.755375 0.918667 0.027750 0.024000
0 0.683375 0.942667 0.020250 0.026000
0 0.697375 0.958667 0.021750 0.030000
0 0.627625 0.954333 0.028250 0.042000
0 0.514625 0.898333 0.014250 0.016667
0 0.484250 0.954333 0.022500 0.026667
0 0.619875 0.776000 0.035750 0.048000
0 0.640875 0.696500 0.019250 0.023667
0 0.676375 0.620667 0.033250 0.046000
0 0.658000 0.622167 0.018500 0.027000
0 0.559750 0.629167 0.020500 0.023667
0 0.592500 0.214000 0.024000 0.033333
0 0.622250 0.153000 0.029000 0.042667
1 0.578375 0.149500 0.020750 0.029667
1 0.603875 0.161167 0.016250 0.026333
1 0.371125 0.126500 0.025250 0.030333
1 0.543500 0.615833 0.025500 0.032333
1 0.509875 0.819000 0.029750 0.041333
