0 0.539125 0.092167 0.038250 0.055000
0 0.509375 0.079667 0.039250 0.057333
0 0.586125 0.262500 0.035750 0.047667
0 0.579875 0.277833 0.014750 0.018333
0 0.525500 0.241167 0.033500 0.043000
0 0.438625 0.243833 0.039250 0.047000
0 0.463875 0.315333 0.034750 0.044000
0 0.547750 0.312500 0.032000 0.041667
0 0.513250 0.349333 0.033500 0.044000
0 0.772375 0.301667 0.040750 0.054000
0 0.842125 0.425500 0.015750 0.022333
0 0.745625 0.442167 0.034250 0.046333
0 0.662750 0.381833 0.033500 0.049667
0 0.638000 0.392833 0.023000 0.027667
0 0.580875 0.402000 0.030250 0.042000
0 0.559375 0.419833 0.035250 0.045000
0 0.466375 0.390833 0.035750 0.045667
0 0.477625 0.287833 0.013250 0.015000
0 0.465125 0.268833 0.010750 0.012333
0 0.368625 0.388000 0.030250 0.040000
0 0.333750 0.387667 0.025500 0.035333
0 0.310250 0.405667 0.027500 0.038667
0 0.689875 0.578833 0.032750 0.046333
0 0.787000 0.598000 0.030000 0.043333
0 0.822000 0.623000 0.048000 0.066667
0 0.713750 0.633000 0.032500 0.042667
0 0.647250 0.700333 0.027000 0.034667
0 0.555375 0.643667 0.028250 0.035333
0 0.567875 0.618667 0.032750 0.038667
0 0.686250 0.881000 0.016500 0.022000
0 0.584875 0.855500 0.039250 0.047000
0 0.432875 0.746833 0.037250 0.046333
0 0.728125 0.719667 0.009250 0.010667
1 0.628250 0.873500 0.020000 0.027000
1 0.632875 0.831000 0.019750 0.026667
1 0.754500 0.877667 0.024500 0.030000
1 0.738500 0.772333 0.025000 0.033333
1 0.768625 0.702667 0.024750 0.030000
1 0.670750 0.740500 0.022000 0.026333
1 0.467375 0.642500 0.013250 0.017000
1 0.437750 0.606500 0.007000 0.009000
1 0.489250 0.556833 0.028500 0.037667
1 0.519125 0.605667 0.028250 0.033333
1 0.589625 0.527833 0.012750 0.020333
1 0.612250 0.520167 0.014500 0.019667
1 0.674500 0.458167 0.016500 0.021000
1 0.614125 0.447500 0.010750 0.012333
1 0.720125 0.438500 0.016750 0.023667
1 0.629875 0.418167 0.014750 0.019667
1 0.618625 0.362333 0.030250 0.040000
1 0.641875 0.274167 0.016250 0.021667
1 0.436750 0.415000 0.009000 0.012000
1 0.859750 0.471333 0.026500 0.030000
