0 0.607875 0.378500 0.040250 0.052333
0 0.641875 0.368833 0.013250 0.050333
0 0.606375 0.292333 0.024750 0.032000
0 0.506375 0.299667 0.029250 0.038667
0 0.726000 0.506000 0.029500 0.036667
0 0.730375 0.612333 0.031250 0.038000
0 0.728000 0.798000 0.022500 0.024667
0 0.709625 0.771500 0.018250 0.021667
0 0.688125 0.715167 0.012750 0.017000
0 0.658875 0.734500 0.012750 0.017000
0 0.619125 0.855667 0.028250 0.032667
0 0.568125 0.779667 0.041250 0.060000
0 0.540375 0.746167 0.013250 0.020333
0 0.542875 0.759833 0.013250 0.009667
0 0.450250 0.864000 0.025000 0.030000
0 0.488750 0.674500 0.027500 0.037667
0 0.550750 0.639500 0.028000 0.038333
0 0.577000 0.591167 0.026500 0.037000
0 0.532375 0.565333 0.022750 0.035333
0 0.501125 0.610167 0.013250 0.017667
0 0.479000 0.592000 0.024500 0.034000
0 0.496250 0.519333 0.021000 0.029333
0 0.500750 0.485333 0.017000 0.025333
0 0.469125 0.434000 0.023750 0.031333
0 0.571875 0.410167 0.015250 0.025667
0 0.536750 0.421667 0.021500 0.028667
0 0.534000 0.439167 0.027000 0.023667
0 0.442625 0.509833 0.022750 0.030333
0 0.370000 0.442167 0.025500 0.035667
0 0.373000 0.631333 0.026500 0.034000
0 0.332750 0.619333 0.025500 0.034667
0 0.303875 0.525833 0.038250 0.053000
0 0.322500 0.533333 0.017500 0.031333
1 0.637250 0.818167 0.039000 0.049667
1 0.627625 0.710167 0.037750 0.045000
1 0.626000 0.663833 0.040000 0.050333
1 0.863000 0.506167 0.033000 0.039667
1 0.690500 0.496667 0.031000 0.040667
1 0.601125 0.456167 0.037750 0.048333
1 0.633375 0.437833 0.040250 0.052333
1 0.524500 0.476167 0.032500 0.041000
1 0.446375 0.599667 0.034750 0.049333
1 0.336000 0.582667 0.029000 0.033333
1 0.680875 0.294000 0.026250 0.032667
1 0.564000 0.145667 0.022000 0.032667
1 0.328375 0.329833 0.032250 0.045000
0 0.273750 0.261333 0.027000 0.034000
1 0.652500 0.703333 0.006000 0.008000
