1 0.274544 0.190834 0.011832 0.012456
0 0.630636 0.553018 0.042853 0.040562
0 0.681964 0.574577 0.011193 0.012137
0 0.834346 0.567231 0.028142 0.027467
0 0.912696 0.486586 0.026863 0.029064
0 0.762392 0.320026 0.028142 0.029384
0 0.619603 0.295433 0.028462 0.030022
0 0.471378 0.297668 0.015350 0.015331
0 0.427247 0.323698 0.016629 0.016289
0 0.274065 0.463909 0.018548 0.016927
0 0.438120 0.485787 0.012792 0.014053
0 0.300927 0.612424 0.014071 0.013734
0 0.243684 0.637177 0.016629 0.017247
0 0.312600 0.685244 0.024624 0.025232
0 0.415734 0.600287 0.014071 0.013095
0 0.514391 0.644682 0.012472 0.012456
0 0.608411 0.445864 0.010553 0.010859
0 0.567957 0.500319 0.030061 0.026509
0 0.714583 0.502076 0.011832 0.012775
0 0.732012 0.502395 0.010873 0.009582
