0 0.593250 0.215000 0.032500 0.038667
0 0.622625 0.153667 0.031250 0.044000
0 0.784875 0.255500 0.061250 0.085667
0 0.809750 0.461500 0.035500 0.043000
0 0.893250 0.572667 0.032500 0.042667
0 0.676000 0.619667 0.034000 0.042667
0 0.641875 0.696667 0.021750 0.022667
0 0.620375 0.775167 0.037250 0.041667
0 0.513125 0.899167 0.013250 0.017667
0 0.483875 0.953833 0.024250 0.028333
0 0.626875 0.954500 0.032750 0.035000
0 0.683875 0.941833 0.022250 0.023000
0 0.747250 0.903167 0.027500 0.025667
0 0.559000 0.627833 0.020500 0.024333
0 0.603625 0.160833 0.020250 0.025000
0 0.696250 0.954667 0.025000 0.027333
0 0.408500 0.941500 0.023500 0.029667
1 0.508625 0.818000 0.030250 0.042000
1 0.746500 0.743667 0.035500 0.042667
1 0.863750 0.675167 0.030000 0.035000
1 0.881875 0.628500 0.027750 0.031667
1 0.578375 0.147500 0.020750 0.025667
1 0.372500 0.125167 0.026000 0.031667
1 0.542250 0.617333 0.022000 0.028667
