0 0.537250 0.094167 0.040500 0.055667
0 0.510375 0.078333 0.042250 0.056000
0 0.439000 0.244333 0.038500 0.052667
0 0.465375 0.268500 0.012250 0.015667
0 0.478250 0.289000 0.014000 0.016000
0 0.464000 0.314667 0.036500 0.046667
0 0.525875 0.241333 0.034250 0.044667
0 0.548750 0.311500 0.034500 0.045000
0 0.587000 0.261500 0.035500 0.047000
0 0.512000 0.348333 0.034000 0.045333
0 0.466125 0.390333 0.037250 0.050000
0 0.368125 0.389000 0.030750 0.046667
0 0.332875 0.385333 0.028250 0.040000
0 0.310500 0.405500 0.031000 0.041667
0 0.433125 0.746833 0.038250 0.049000
0 0.585250 0.854833 0.042500 0.051667
0 0.686125 0.879667 0.019750 0.022000
0 0.646750 0.699167 0.029000 0.035667
0 0.554375 0.643000 0.032750 0.037333
0 0.567500 0.618833 0.032500 0.042333
0 0.689000 0.579333 0.036500 0.048667
0 0.713750 0.633833 0.034000 0.047000
0 0.787250 0.598167 0.034500 0.046333
0 0.821750 0.623667 0.053000 0.073333
0 0.745875 0.441500 0.033250 0.046333
0 0.842250 0.426167 0.017500 0.022333
0 0.772625 0.300333 0.043250 0.056000
0 0.663125 0.381500 0.036750 0.049667
0 0.559625 0.419000 0.035750 0.047333
0 0.581500 0.401333 0.031000 0.044000
0 0.618250 0.363333 0.032500 0.043333
0 0.637500 0.393500 0.021500 0.031667
