0 0.683000 0.400333 0.041500 0.053333
0 0.587625 0.328333 0.036750 0.042667
0 0.591625 0.356667 0.036750 0.038667
0 0.634625 0.500333 0.036750 0.048667
0 0.513875 0.494167 0.035750 0.047000
0 0.485375 0.393500 0.033750 0.045667
0 0.437625 0.376500 0.036750 0.051000
0 0.446250 0.447833 0.032000 0.043667
0 0.438500 0.530500 0.035000 0.045000
0 0.598625 0.618000 0.033750 0.046667
0 0.567125 0.621667 0.032250 0.044667
0 0.545500 0.674833 0.035000 0.041667
0 0.667750 0.789500 0.017000 0.025000
0 0.521250 0.884667 0.018000 0.022000
0 0.348625 0.787333 0.016250 0.022667
0 0.404500 0.730833 0.036000 0.041667
0 0.519500 0.714333 0.023500 0.038000
0 0.504625 0.708000 0.024750 0.036667
0 0.486625 0.704000 0.018250 0.030000
0 0.476250 0.694000 0.025500 0.045333
0 0.462750 0.693667 0.019000 0.032000
0 0.392125 0.654333 0.027750 0.032000
0 0.402500 0.629167 0.027000 0.027667
0 0.346375 0.622167 0.022750 0.035000
0 0.361125 0.636667 0.021750 0.026000
0 0.379000 0.620333 0.025500 0.033333
0 0.360125 0.599000 0.018750 0.022667
0 0.358125 0.576500 0.016250 0.019000
0 0.380000 0.581000 0.027500 0.030667
0 0.377625 0.533333 0.017750 0.022000
0 0.381625 0.558167 0.026250 0.024333
0 0.361000 0.557667 0.015500 0.020000
0 0.366375 0.538667 0.016750 0.020667
0 0.381875 0.542333 0.018750 0.020000
0 0.345625 0.562833 0.018250 0.023667
0 0.336250 0.554000 0.020500 0.024667
0 0.356750 0.520000 0.017000 0.021333
0 0.330250 0.522167 0.030000 0.035000
0 0.341500 0.510000 0.020500 0.028000
0 0.355625 0.480833 0.027750 0.030333
0 0.354500 0.496167 0.027000 0.028333
0 0.391250 0.418500 0.013500 0.018333
0 0.298625 0.398500 0.015250 0.019000
0 0.361375 0.334333 0.014250 0.021333
0 0.397375 0.303667 0.016250 0.019333
0 0.462750 0.298333 0.036500 0.039333
0 0.464125 0.334000 0.037250 0.032667
0 0.296500 0.248000 0.039000 0.050000
1 0.308500 0.201333 0.029500 0.040667
1 0.313875 0.139667 0.027250 0.036667
1 0.549000 0.212000 0.029000 0.038000
1 0.568375 0.192833 0.027250 0.035667
0 0.586625 0.222500 0.011250 0.014333
1 0.617875 0.347667 0.026250 0.038667
1 0.615250 0.406167 0.030500 0.035667
1 0.591500 0.484333 0.022000 0.030667
1 0.608125 0.502667 0.021250 0.041333
1 0.658875 0.598833 0.031750 0.042333
1 0.708250 0.662167 0.032000 0.031000
1 0.706625 0.688833 0.031750 0.031000
0 0.311000 0.590667 0.023500 0.029333
1 0.300125 0.573833 0.023250 0.030333
1 0.212375 0.566333 0.010250 0.012667
0 0.430000 0.702000 0.012000 0.014667
0 0.463875 0.617333 0.011250 0.012667
0 0.462000 0.606333 0.012000 0.014000
0 0.533625 0.626333 0.009750 0.013333
0 0.706500 0.499167 0.014000 0.016333
