1 0.219174 0.484590 0.019796 0.021464
1 0.203620 0.487067 0.013575 0.013209
1 0.208710 0.469730 0.018100 0.013759
1 0.190328 0.474684 0.009615 0.008255
1 0.205034 0.453770 0.016403 0.014860
1 0.181561 0.459549 0.023756 0.015410
1 0.179016 0.446065 0.019796 0.011558
1 0.553733 0.093010 0.024887 0.022014
1 0.619910 0.077876 0.022624 0.020363
1 0.478224 0.063016 0.023190 0.020363
1 0.464932 0.123280 0.014706 0.013209
1 0.414876 0.073473 0.019796 0.018162
1 0.387443 0.331040 0.037330 0.042378
1 0.347568 0.301871 0.020928 0.018162
1 0.317025 0.279582 0.027715 0.022014
1 0.329468 0.291139 0.028846 0.018712
1 0.317025 0.253990 0.026584 0.024766
0 0.112557 0.316181 0.026018 0.024766
0 0.131222 0.315630 0.018100 0.021464
0 0.144514 0.311227 0.024321 0.024766
0 0.165158 0.229224 0.037330 0.032471
