2 0.489183 0.551861 0.013942 0.013896
2 0.413462 0.594293 0.008654 0.007444
2 0.430048 0.379156 0.021635 0.025806
1 0.558413 0.223821 0.020673 0.020844
1 0.570433 0.244665 0.022596 0.021836
1 0.707692 0.513648 0.026923 0.030769
1 0.730048 0.507940 0.026442 0.028288
1 0.766106 0.429032 0.006250 0.007444
1 0.775481 0.620596 0.013462 0.011414
0 0.596875 0.631266 0.028365 0.032754
0 0.614663 0.621588 0.021635 0.028288
0 0.640865 0.603722 0.024038 0.027295
0 0.631731 0.619603 0.023077 0.033251
0 0.580048 0.465757 0.022596 0.024318
0 0.588942 0.485360 0.028846 0.026799
0 0.604567 0.457072 0.019712 0.024814
0 0.648558 0.421092 0.021154 0.022333
0 0.661779 0.412159 0.025481 0.026303
0 0.631971 0.434491 0.017788 0.022333
0 0.616346 0.436973 0.016346 0.019355
0 0.609135 0.445658 0.018269 0.018859
1 0.490625 0.893797 0.016827 0.017866
1 0.160337 0.688586 0.019712 0.016377
1 0.348317 0.518610 0.011058 0.011911
1 0.359615 0.534988 0.008654 0.008933
1 0.359615 0.519107 0.010577 0.010918
1 0.423077 0.522829 0.032692 0.031266
1 0.385096 0.536228 0.035577 0.020347
1 0.376923 0.506203 0.030769 0.032754
1 0.136058 0.714392 0.017308 0.017370
