2 0.903242 0.406280 0.024938 0.024079
0 0.644140 0.552172 0.031421 0.029745
0 0.775062 0.575779 0.030923 0.025968
0 0.680549 0.599150 0.017456 0.016997
0 0.929925 0.461048 0.022444 0.023135
1 0.705736 0.244098 0.027930 0.023607
0 0.703990 0.256138 0.021446 0.012748
0 0.575312 0.150142 0.021446 0.022663
0 0.585287 0.462229 0.016459 0.014164
0 0.369077 0.534230 0.019950 0.018414
0 0.239900 0.581681 0.025935 0.023607
0 0.423940 0.686969 0.014963 0.015109
0 0.405237 0.725921 0.014464 0.012748
0 0.542643 0.818225 0.024938 0.022663
0 0.259102 0.738432 0.012469 0.011331
1 0.805985 0.231350 0.035910 0.033994
1 0.843890 0.259915 0.034913 0.028801
1 0.891272 0.275732 0.029925 0.025496
1 0.882544 0.293437 0.014464 0.010859
1 0.854863 0.290604 0.026933 0.025024
0 0.832419 0.287063 0.013965 0.014164
1 0.601995 0.155571 0.027930 0.025024
1 0.513716 0.197356 0.022943 0.019830
1 0.557606 0.258735 0.026933 0.026440
1 0.632668 0.288244 0.031421 0.028801
1 0.352868 0.182720 0.018454 0.016997
1 0.251870 0.255902 0.012968 0.013220
1 0.369825 0.224268 0.017456 0.017941
1 0.409476 0.244806 0.017955 0.014636
1 0.380798 0.253069 0.018454 0.016053
1 0.396758 0.270538 0.018454 0.016997
1 0.368080 0.273371 0.017955 0.016997
1 0.418454 0.362134 0.022943 0.020774
1 0.417456 0.421860 0.029925 0.028801
1 0.547132 0.431303 0.034913 0.031634
1 0.501746 0.476393 0.017955 0.016053
1 0.758603 0.392115 0.037905 0.035411
1 0.774314 0.421860 0.039401 0.034466
1 0.783292 0.500472 0.034414 0.035883
1 0.825187 0.521246 0.040399 0.042493
1 0.555362 0.501889 0.037406 0.033050
1 0.551870 0.548395 0.038404 0.034466
1 0.522693 0.602927 0.031920 0.029273
1 0.544638 0.625118 0.036908 0.033994
1 0.609227 0.644712 0.034414 0.035411
1 0.684289 0.645892 0.046883 0.046270
1 0.644638 0.678234 0.037406 0.034466
1 0.581796 0.688385 0.036409 0.033050
1 0.540648 0.679651 0.035910 0.034466
1 0.575062 0.739849 0.037905 0.035883
1 0.539401 0.764873 0.048379 0.044381
1 0.523441 0.801464 0.024439 0.019358
1 0.515212 0.837583 0.044888 0.034939
1 0.535661 0.867328 0.046883 0.043437
1 0.399252 0.848442 0.046384 0.048159
1 0.346384 0.801700 0.032419 0.034939
1 0.474813 0.744570 0.032918 0.034939
1 0.477805 0.689093 0.033915 0.033522
1 0.247382 0.826723 0.040898 0.040604
1 0.391022 0.765817 0.022943 0.021719
1 0.403242 0.762984 0.028429 0.023607
1 0.399751 0.744570 0.037406 0.015109
1 0.409975 0.715770 0.021945 0.017941
1 0.391022 0.730406 0.022943 0.018886
1 0.279052 0.702550 0.031421 0.030217
1 0.256858 0.718839 0.029925 0.026912
1 0.278055 0.663834 0.020449 0.017941
1 0.207232 0.686497 0.034414 0.032106
1 0.227681 0.625354 0.031421 0.031634
1 0.169825 0.643532 0.033416 0.032106
1 0.225935 0.664070 0.011970 0.009915
1 0.384539 0.606468 0.037905 0.035411
1 0.410723 0.540368 0.025436 0.025024
1 0.363591 0.508499 0.031920 0.030217
1 0.268080 0.481114 0.024439 0.024551
1 0.211970 0.470963 0.024938 0.024079
1 0.198254 0.449245 0.020449 0.020302
1 0.121945 0.475449 0.020449 0.018886
1 0.090773 0.506138 0.020948 0.019830
1 0.141895 0.487252 0.008479 0.007554
